4.000000e+00 1.810190e+01 3.044000e+00 1.136952e-01 1.998886e-02 1.125421e-03 4.446063e-01 3.021603e+03
4.000000e+00 9.051000e+00 3.044000e+00 1.618291e-01 3.988536e-02 4.221936e-03 4.470667e-01 1.511207e+03
4.000000e+00 2.262700e+00 3.044000e+00 3.342742e-01 1.490676e-01 4.100575e-02 4.520979e-01 3.774337e+02
4.000000e+00 1.600000e+00 3.044000e+00 3.892190e-01 1.929646e-01 6.240647e-02 4.636292e-01 2.658582e+02
4.000000e+00 8.000000e-01 3.044000e+00 4.562393e-01 2.576008e-01 1.051066e-01 4.835938e-01 1.317151e+02
4.000000e+00 1.131400e+00 3.044000e+00 4.309907e-01 2.310011e-01 8.539623e-02 4.769833e-01 1.870376e+02
4.000000e+00 5.657000e-01 3.044000e+00 4.670992e-01 2.737825e-01 1.220856e-01 4.846625e-01 9.221603e+01
4.000000e+00 6.400000e+00 3.044000e+00 1.916175e-01 5.516480e-02 7.677341e-03 4.404813e-01 1.069302e+03
4.000000e+00 1.280000e+01 3.044000e+00 1.351660e-01 2.806459e-02 2.162313e-03 4.418125e-01 2.136730e+03
4.000000e+00 2.560000e+01 3.044000e+00 9.534570e-02 1.412697e-02 5.735193e-04 4.485438e-01 4.272249e+03
4.000000e+00 2.000000e-01 3.044000e+00 3.303331e-01 1.592287e-01 5.886629e-02 3.377333e-01 3.043347e+01
4.000000e+00 3.200000e+00 3.044000e+00 2.806768e-01 1.105322e-01 2.535532e-02 4.450542e-01 5.344279e+02
4.000000e+00 4.525500e+00 3.044000e+00 2.323474e-01 7.910854e-02 1.447816e-02 4.473833e-01 7.560118e+02
4.000000e+00 2.828000e-01 3.044000e+00 3.806186e-01 2.022557e-01 8.454009e-02 3.922396e-01 4.475853e+01
4.000000e+00 4.000000e-01 3.044000e+00 4.314733e-01 2.463774e-01 1.100908e-01 4.468729e-01 6.469097e+01
