2.500000000000000000e-01 2.200588897011811762e-01 2.419011849804601489e-05
3.536000000000000254e-01 3.164210444910479647e-01 1.528391021871043778e-05
5.000000000000000000e-01 4.132613177419328654e-01 1.084582236223333386e-05
7.070999999999999508e-01 4.690440252216089845e-01 1.239248055708359710e-05
1.000000000000000000e+00 4.884920681793137320e-01 5.557186530497785990e-06
1.414199999999999902e+00 4.868568362276239347e-01 1.288013278923689052e-05
2.000000000000000000e+00 4.616416092535192139e-01 2.125560969320455226e-05
2.828399999999999803e+00 4.114345361748751317e-01 1.945735645946754098e-05
4.000000000000000000e+00 3.397053524395231561e-01 1.950453667762518670e-05
5.656900000000000261e+00 2.577407698396724789e-01 5.959805030270727235e-05
8.000000000000000000e+00 1.803953134363512345e-01 8.328832646455554983e-05
1.131370000000000076e+01 1.315353421638604248e-01 7.511694578395323356e-05
1.600000000000000000e+01 9.116865122540288024e-02 2.010964434534005471e-04
2.262740000000000151e+01 7.194855096120802984e-02 1.760293110151438332e-04
