8.000000e+00 1.810190e+01 3.044000e+00 1.160731e-01 2.048530e-02 1.108741e-03 3.117813e-01 1.215770e+04
8.000000e+00 5.657000e-01 3.044000e+00 2.888303e-01 1.146667e-01 2.663668e-02 2.975751e-01 3.739402e+02
8.000000e+00 1.131400e+00 3.044000e+00 3.331346e-01 1.398254e-01 3.231385e-02 3.457938e-01 7.547649e+02
8.000000e+00 8.000000e-01 3.044000e+00 3.215105e-01 1.351019e-01 3.258652e-02 3.329469e-01 5.327759e+02
8.000000e+00 1.600000e+00 3.044000e+00 3.236908e-01 1.307307e-01 2.764522e-02 3.421033e-01 1.069477e+03
8.000000e+00 9.051000e+00 3.044000e+00 1.657175e-01 4.010989e-02 3.714379e-03 3.143751e-01 6.076611e+03
8.000000e+00 2.262700e+00 3.044000e+00 2.990582e-01 1.123749e-01 2.080375e-02 3.327782e-01 1.514938e+03
8.000000e+00 2.560000e+01 3.044000e+00 9.749852e-02 1.446281e-02 5.589987e-04 3.115782e-01 1.719788e+04
8.000000e+00 4.000000e-01 3.044000e+00 2.373781e-01 8.356152e-02 1.681173e-02 2.445751e-01 2.607748e+02
8.000000e+00 1.280000e+01 3.044000e+00 1.414302e-01 2.980698e-02 2.195005e-03 3.165844e-01 8.592940e+03
8.000000e+00 2.828000e-01 3.044000e+00 1.976806e-01 5.929237e-02 9.169422e-03 2.035126e-01 1.789704e+02
8.000000e+00 4.525500e+00 3.044000e+00 2.355287e-01 7.466904e-02 1.052501e-02 3.131907e-01 3.038862e+03
8.000000e+00 3.200000e+00 3.044000e+00 2.702771e-01 9.332488e-02 1.487785e-02 3.214032e-01 2.147846e+03
8.000000e+00 2.000000e-01 3.044000e+00 1.647628e-01 4.229125e-02 5.143218e-03 1.701782e-01 1.215861e+02
8.000000e+00 6.400000e+00 3.044000e+00 1.986871e-01 5.551129e-02 6.423632e-03 3.105564e-01 4.298438e+03
