500 321
600 460
720 561
864 682
1036 818
1243 971
1491 1161
1789 1412
2146 1695
2575 1999
3090 2409
3708 2951
4449 3488
5338 4157
6405 5002
7686 6048
9223 7103
11067 8185
13280 10013
15936 11891
19123 13846
22947 16582
27536 19264
33043 22890
39651 25908
47581 29467
47581 32237
57097 36019
57097 36459
68516 40028
68516 38269
68516 43086
68516 43373
68516 43190
68516 43533
68516 43753
68516 43726
68516 43869
68516 43960
68516 43366
68516 43645
68516 44074
68516 43900
68516 43773
68516 43720
68516 44216
68516 43901
68516 43545
68516 44072
68516 43730
68516 43854
68516 43793
68516 43750
68516 43735
68516 43890
68516 43924
68516 44017
68516 44007
68516 44097
68516 44127
68516 44176
68516 43738
68516 44085
68516 43857
68516 44001
68516 43971
68516 43825
68516 43563
68516 43350
68516 43378
68516 43566
68516 43353
68516 44038
68516 43985
68516 43816
68516 43735
68516 43490
68516 43921
68516 44001
68516 43700
68516 43829
68516 43676
68516 43822
68516 43693
68516 43776
68516 43683
68516 43917
68516 44090
68516 43856
68516 43736
68516 43738
68516 43687
68516 43564
68516 43861
68516 43702
68516 43815
68516 43954
68516 43864
68516 43697
68516 43732
68516 43906
68516 43946
68516 43937
68516 44009
68516 43809
68516 43588
68516 43628
68516 43886
68516 43779
68516 44210
68516 43882
68516 43897
68516 44298
68516 43958
68516 44003
68516 44256
68516 44001
68516 43997
68516 43878
68516 44038
68516 43976
68516 43685
68516 43810
68516 43880
68516 43824
68516 43514
68516 43508
68516 43846
68516 43999
68516 43695
68516 44032
68516 44223
68516 43633
68516 43321
68516 43756
68516 44273
68516 43860
68516 44153
68516 43933
68516 43777
68516 44058
68516 43943
68516 43871
68516 44049
68516 43605
68516 43896
68516 43706
68516 43573
68516 43828
68516 43773
68516 43661
68516 43763
68516 43549
68516 43977
68516 43831
68516 43356
68516 43944
68516 43927
68516 43932
68516 43692
68516 43551
68516 43936
68516 43724
68516 43942
68516 44041
68516 43815
68516 43737
68516 43863
68516 44087
68516 43879
68516 43563
68516 43641
68516 43538
68516 43333
68516 44004
68516 43797
68516 43645
68516 43744
68516 43865
68516 43881
68516 43701
68516 43848
68516 43690
68516 43634
68516 43811
68516 43859
68516 43995
68516 44179
68516 43620
68516 44250
68516 43802
68516 43912
68516 44133
68516 43929
68516 43701
68516 43736
68516 43818
68516 43926
68516 43822
68516 43678
68516 44100
68516 43980
68516 43580
68516 43839
68516 43898
68516 43853
68516 43648
68516 43832
68516 43810
68516 43839
68516 43931
68516 43420
68516 43909
68516 44069
68516 43741
68516 43645
68516 44022
68516 43811
68516 43547
68516 43900
68516 43958
68516 44015
68516 43761
68516 43730
68516 43854
68516 43659
68516 43741
68516 44026
68516 43889
68516 44021
68516 44139
68516 43713
68516 43695
68516 43570
68516 43866
68516 43932
68516 44357
68516 43594
68516 43571
68516 43630
68516 44005
68516 43973
68516 43472
68516 43996
68516 43643
68516 43749
68516 44172
68516 43941
68516 44067
68516 43772
68516 44227
68516 43843
68516 43879
68516 43704
68516 43733
68516 43561
68516 43834
68516 43859
68516 43703
68516 43844
68516 43845
68516 43559
68516 43516
68516 43728
68516 43793
68516 43831
68516 43571
68516 43433
68516 43915
68516 44202
68516 44070
68516 43726
68516 43753
68516 43798
68516 43925
68516 43915
68516 43773
68516 43765
68516 43787
68516 43991
68516 44212
68516 43649
68516 43768
68516 43747
68516 43958
68516 43829
68516 43769
68516 43896
68516 44179
68516 43831
68516 43957
68516 43630
68516 43408
68516 43808
68516 43672
68516 43925
68516 43782
68516 44005
68516 44082
68516 44040
68516 43647
68516 43705
68516 43916
68516 43822
68516 43690
68516 43693
68516 43919
68516 43980
68516 43812
68516 43892
68516 44001
68516 43944
68516 43818
68516 43974
68516 43835
68516 43960
68516 43550
68516 43882
68516 44031
68516 43852
68516 43764
68516 43693
68516 43373
68516 44140
68516 44010
68516 44331
68516 44282
68516 44321
68516 44243
68516 44162
68516 44256
68516 43842
68516 43568
68516 44029
68516 43515
68516 43839
68516 43834
68516 43593
68516 43685
68516 43499
68516 43564
68516 43743
68516 44195
68516 43956
68516 44019
68516 44123
68516 44001
68516 43776
68516 43742
68516 43614
68516 43783
68516 43726
68516 44138
68516 44241
68516 43860
68516 44035
68516 44050
68516 43909
68516 43806
68516 43704
68516 43659
68516 43880
68516 43801
68516 43884
68516 43764
68516 43963
68516 43789
68516 43916
68516 43286
68516 43618
68516 43569
68516 43432
68516 43936
68516 43893
68516 43773
68516 43795
68516 43466
68516 43383
68516 43642
68516 43548
68516 43864
68516 43543
68516 43893
68516 43905
68516 43701
68516 43713
68516 43601
68516 43703
68516 43769
68516 43499
68516 43870
68516 44124
68516 43826
68516 43447
68516 43799
68516 44251
68516 43714
68516 43795
68516 43764
68516 43790
68516 43929
68516 43811
68516 43605
68516 43731
68516 43761
68516 43790
68516 43842
68516 44140
68516 43543
68516 43893
68516 43864
68516 43923
68516 43974
68516 43803
68516 43807
68516 43669
68516 43650
68516 43756
68516 44023
68516 43819
68516 43634
68516 44070
68516 44130
68516 43920
68516 44049
68516 43822
68516 44004
68516 43945
68516 44305
68516 43847
68516 44185
68516 43718
68516 43686
68516 44151
68516 43810
68516 43714
68516 43952
68516 43985
68516 44234
68516 44051
68516 44078
68516 44034
68516 44085
68516 43799
68516 43770
68516 43916
68516 43928
68516 43943
68516 43795
68516 43928
68516 43834
68516 43992
68516 43720
68516 43955
68516 43750
68516 43802
68516 43874
68516 44235
68516 44162
68516 44047
68516 43938
68516 43879
68516 43870
68516 43644
68516 43906
68516 43901
68516 43524
68516 43730
68516 43708
68516 43530
68516 43614
68516 43881
68516 44087
68516 43838
68516 43444
68516 43581
68516 43903
68516 43541
68516 43660
68516 43500
68516 43621
68516 43589
68516 43587
68516 43720
68516 43820
68516 43538
68516 43498
68516 43630
68516 43796
68516 43827
68516 44019
68516 43742
68516 43876
68516 43619
68516 43744
68516 43530
68516 43426
68516 43705
68516 43687
68516 43719
68516 44124
68516 43901
68516 43773
68516 43879
68516 44024
68516 43655
68516 43989
68516 43295
68516 43928
68516 44061
68516 43788
68516 43910
68516 44137
68516 43951
68516 43961
68516 44042
68516 43658
68516 43670
68516 44024
68516 43552
68516 43732
68516 43953
68516 43904
68516 43510
68516 43710
68516 43771
68516 43836
68516 43476
68516 43565
68516 43670
68516 44039
68516 43644
68516 43954
68516 43751
68516 43690
68516 43854
68516 43620
68516 43540
68516 43725
68516 43610
68516 43927
68516 43663
68516 43716
68516 43608
68516 43599
68516 43715
68516 43652
68516 44148
68516 43594
68516 43930
68516 43821
68516 43969
68516 44030
68516 43603
68516 43673
68516 43422
68516 43672
68516 43816
68516 44014
68516 43595
68516 43737
68516 43831
68516 43811
68516 43896
68516 43716
68516 43561
68516 43527
68516 43762
68516 43578
68516 43622
68516 44022
68516 44141
68516 43965
68516 43944
68516 44169
68516 43810
68516 44095
68516 44194
68516 43817
68516 43907
68516 43695
68516 43525
68516 43761
68516 43694
68516 43708
68516 43520
68516 43960
68516 44048
68516 44092
68516 43933
68516 43645
68516 43797
68516 43653
68516 43920
68516 43938
68516 43579
68516 44360
68516 44225
68516 44444
68516 43771
68516 43896
68516 43937
68516 43850
68516 43785
68516 43682
68516 43792
68516 43682
68516 43834
68516 43518
68516 43554
68516 43784
68516 43970
68516 43719
68516 43897
68516 43572
68516 43722
68516 43912
68516 43843
68516 43719
68516 43589
68516 43822
68516 43924
68516 43982
68516 43958
68516 44152
68516 44144
68516 44009
68516 43790
68516 43866
68516 43864
68516 44149
68516 43946
68516 43845
68516 44053
68516 44053
68516 43840
68516 43907
68516 43922
68516 44144
68516 43927
68516 43488
68516 43653
68516 43803
68516 43763
68516 43864
68516 43866
68516 44155
68516 43993
68516 43670
68516 43892
68516 44161
68516 44043
68516 43970
68516 43751
68516 43992
68516 43816
68516 43876
68516 43761
68516 43429
68516 43595
68516 43991
68516 43746
68516 44117
68516 44074
68516 44014
68516 43742
68516 43805
68516 43742
68516 43971
68516 44143
68516 44113
68516 43547
68516 43737
68516 43692
68516 43776
68516 44058
68516 43897
68516 43938
68516 43784
68516 43913
68516 43715
68516 43536
68516 44079
68516 44149
68516 43548
68516 43707
68516 44049
68516 43704
68516 43656
68516 43744
68516 43646
68516 43600
68516 43529
68516 43909
68516 43944
68516 43836
68516 44065
68516 43912
68516 43572
68516 43841
68516 44300
68516 43800
68516 43653
68516 43923
68516 44259
68516 43986
68516 43739
68516 43995
68516 43918
68516 44032
68516 44095
68516 43793
68516 43825
68516 43551
68516 43986
68516 44023
68516 43967
68516 43716
68516 43993
68516 43661
68516 43698
68516 43905
68516 44230
68516 44159
68516 43681
68516 43927
68516 43978
68516 44098
68516 43905
68516 43982
68516 43963
68516 43843
68516 43834
68516 43857
68516 43978
68516 44131
68516 43824
68516 43654
68516 43940
68516 43615
68516 43718
68516 43910
68516 43650
68516 43962
68516 44115
68516 43772
68516 44123
68516 44084
68516 43798
68516 43581
68516 43740
68516 43418
68516 43511
68516 43623
68516 43955
68516 43754
68516 43638
68516 43329
68516 43298
68516 43575
68516 43499
68516 43832
68516 43966
68516 44124
68516 43939
68516 43835
68516 44094
68516 43579
68516 43870
68516 43710
68516 43842
68516 43938
68516 43888
68516 43822
68516 43853
68516 43405
68516 43404
68516 43792
68516 43957
68516 43812
68516 43856
68516 43784
68516 43974
68516 43863
68516 43491
68516 43445
68516 43723
68516 43647
68516 43553
68516 43849
68516 43943
68516 43754
68516 43488
68516 43671
68516 43339
68516 43859
68516 43817
68516 44016
68516 44227
68516 44049
68516 43860
68516 44202
68516 44146
68516 44060
68516 44208
68516 44122
68516 44157
68516 43965
68516 43962
68516 43948
68516 44228
68516 43816
68516 43930
68516 43480
68516 43697
68516 43578
68516 43913
68516 43999
68516 43996
68516 43730
68516 43727
68516 43727
68516 43989
68516 43836
68516 43667
68516 43775
68516 44017
68516 43797
68516 43860
68516 43666
68516 43243
68516 43932
68516 43963
68516 44004
68516 43907
68516 43700
68516 43848
68516 44025
68516 43732
68516 43904
68516 43789
68516 43970
68516 43951
68516 43666
68516 43965
68516 43708
68516 43727
68516 44161
68516 44061
68516 43752
68516 44036
68516 43722
68516 44052
68516 43990
68516 43829
68516 44142
68516 43955
68516 43909
68516 44292
68516 43962
68516 44077
68516 44014
68516 43924
68516 44046
68516 43810
68516 43778
68516 43659
68516 43926
68516 44149
68516 44158
68516 43473
68516 43433
68516 43924
68516 43774
68516 44228
68516 44044
68516 44144
68516 43853
68516 43785
68516 43517
68516 43611
68516 43666
68516 43883
68516 43887
68516 43894
68516 43771
68516 43766
68516 43993
68516 43926
68516 43339
68516 43692
68516 43732
68516 43827
68516 44060
68516 43764
68516 44046
68516 44071
68516 44163
68516 43994
68516 44253
68516 43845
68516 43733
68516 43966
68516 43765
68516 44025
68516 43877
68516 43657
68516 43603
68516 43756
68516 43682
68516 43704
68516 43632
68516 43934
68516 43673
68516 43619
68516 44032
68516 44024
68516 43922
68516 43793
68516 43726
68516 43626
68516 43277
68516 43669
68516 43537
68516 43444
68516 43720
68516 44044
68516 44046
68516 44370
68516 44220
68516 44137
68516 43558
68516 43761
68516 44036
68516 44027
68516 44154
68516 44044
68516 43853
68516 43807
68516 44012
68516 44100
68516 44026
68516 44134
68516 44126
68516 44010
68516 44158
68516 43958
68516 43724
68516 43845
68516 43709
68516 43587
68516 43791
68516 43389
68516 43873
68516 43692
68516 43907
68516 43736
68516 43848
68516 44140
68516 43784
68516 43869
68516 43850
68516 43772
68516 44274
68516 44040
68516 43969
68516 43911
68516 43912
68516 43811
68516 43532
68516 43653
68516 44107
68516 43987
68516 43641
68516 43531
68516 43898
68516 43752
68516 43850
68516 44111
68516 43739
68516 43830
68516 44092
68516 44122
68516 43854
68516 44092
68516 44046
68516 43689
68516 44013
68516 43864
68516 44108
68516 43922
68516 44182
68516 43950
68516 43760
68516 43933
68516 43581
68516 43426
68516 43565
68516 43670
68516 43712
68516 44127
68516 44131
68516 43613
68516 43234
68516 43634
68516 44020
68516 43927
68516 44041
68516 43786
68516 43800
68516 43851
68516 43976
68516 43904
68516 43954
68516 43893
68516 43582
68516 43702
68516 43644
68516 43581
68516 43591
68516 43734
68516 44161
68516 44194
68516 43670
68516 43728
68516 44032
68516 43842
68516 43685
68516 43567
68516 43582
68516 43883
68516 43857
68516 43945
68516 43971
68516 43758
68516 43964
68516 43892
68516 43651
68516 43627
68516 43622
68516 44057
68516 44078
68516 43901
68516 43862
68516 44269
68516 43774
68516 44142
68516 43943
68516 44224
68516 43833
68516 43852
68516 44043
68516 44148
68516 43869
68516 44050
68516 44023
68516 43856
68516 43280
68516 43519
68516 43274
68516 43321
68516 43325
68516 43979
68516 44161
68516 44164
68516 44314
68516 43874
68516 43686
68516 43921
68516 43821
68516 43255
68516 43839
68516 43739
68516 43731
68516 43847
68516 43428
68516 43934
68516 43979
68516 43842
68516 43928
68516 43735
68516 43171
68516 43855
68516 43608
68516 43612
68516 43829
68516 43684
68516 44056
68516 44117
68516 43881
68516 43649
68516 43862
68516 43862
68516 44029
68516 43867
68516 44259
68516 44019
68516 43710
68516 43637
68516 43803
68516 44032
68516 43984
68516 44133
68516 44147
68516 44301
68516 44572
68516 44647
68516 44196
68516 44142
68516 44129
68516 44048
68516 44153
68516 43931
68516 43724
68516 43900
68516 43738
68516 43548
68516 43982
68516 44005
68516 44264
68516 43820
68516 43235
68516 43728
68516 43868
68516 43260
68516 43534
68516 44018
68516 43639
68516 43666
68516 43690
68516 43792
68516 43852
68516 43897
68516 43853
68516 43945
68516 43981
68516 43906
68516 43779
68516 43788
68516 43529
68516 43637
68516 43832
68516 44165
68516 44132
68516 43733
68516 44006
68516 43848
68516 43986
68516 43900
68516 44068
68516 44021
68516 43819
68516 44026
68516 44012
68516 43843
68516 43998
68516 43848
68516 43609
68516 43537
68516 43285
68516 43720
68516 43775
68516 43903
68516 43614
68516 43608
68516 43977
68516 43682
68516 43641
68516 43986
68516 43789
68516 43560
68516 43616
68516 43892
68516 43825
68516 43538
68516 43450
68516 43521
68516 43712
68516 43903
68516 43822
68516 43610
68516 44028
68516 44076
68516 44368
68516 44119
68516 43884
68516 43847
68516 43941
68516 43881
68516 43889
68516 44084
68516 43859
68516 43634
68516 43745
68516 43684
68516 43638
68516 43478
68516 43403
68516 43633
68516 43453
68516 43721
68516 43632
68516 43589
68516 43859
68516 43853
68516 44212
68516 43952
68516 43735
68516 43592
68516 43772
68516 43695
68516 44133
68516 43998
68516 43963
68516 44276
68516 43811
68516 43993
68516 43849
68516 43702
68516 43513
68516 43741
68516 44107
68516 43985
68516 44202
68516 43895
68516 43987
68516 43922
68516 44247
68516 44107
68516 43889
68516 43642
68516 43439
68516 44105
68516 43919
68516 43679
68516 43574
68516 43854
68516 43574
68516 43688
68516 43764
68516 44179
68516 43917
68516 44061
68516 43861
68516 43940
68516 43765
68516 43772
68516 43753
68516 44095
68516 43952
68516 43686
68516 43595
68516 43716
68516 43929
68516 43925
68516 43985
68516 43665
68516 43465
68516 43648
68516 43550
68516 43679
68516 43948
68516 43630
68516 43831
68516 43901
68516 43766
68516 44249
68516 44173
68516 44207
68516 43840
68516 43571
68516 43853
68516 43538
68516 44080
68516 44023
68516 44074
68516 44131
68516 44239
68516 44039
68516 43515
68516 43706
68516 43589
68516 43694
68516 43441
68516 43610
68516 44061
68516 43589
68516 43746
68516 43930
68516 43837
68516 43952
68516 43710
68516 43794
68516 44149
68516 43972
68516 43880
68516 43625
68516 43835
68516 43840
68516 43401
68516 43702
68516 43888
68516 43812
68516 43997
68516 43745
68516 43766
68516 43604
68516 43749
68516 43740
68516 43736
68516 43543
68516 43960
68516 44260
68516 44009
68516 43701
68516 43930
68516 43821
68516 43905
68516 43980
68516 43924
68516 44253
68516 44153
68516 44154
68516 43866
68516 43821
68516 43641
68516 43655
68516 43645
68516 43688
68516 44333
68516 43959
68516 43715
68516 43967
68516 44063
68516 43747
68516 43791
68516 43712
68516 44040
68516 43922
68516 43578
68516 43494
68516 43588
68516 43654
68516 43462
68516 43762
68516 44149
68516 44058
68516 43637
68516 43686
68516 44034
68516 43844
68516 43991
68516 43719
68516 43880
68516 43898
68516 43896
68516 43831
68516 43886
68516 43874
68516 43864
68516 43745
68516 43332
68516 43669
68516 43506
68516 43737
68516 43965
68516 43694
68516 43671
68516 43938
68516 43557
68516 43471
68516 43792
68516 43895
68516 44131
68516 43575
68516 43500
68516 43794
68516 43851
68516 44137
68516 43903
68516 43708
68516 43775
68516 43730
68516 43908
68516 43977
68516 43718
68516 43883
68516 43984
68516 43799
68516 43818
68516 43883
68516 43915
68516 43827
68516 43661
68516 43650
68516 43763
68516 44197
68516 44186
68516 43703
68516 43586
68516 43404
68516 43460
68516 43824
68516 44172
68516 43857
68516 44130
68516 43814
68516 43796
68516 44011
68516 43727
68516 43379
68516 43770
68516 43184
68516 43684
68516 43777
68516 43856
68516 43651
68516 44115
68516 43886
68516 43444
68516 43538
68516 43712
68516 43860
68516 43640
68516 44033
68516 43727
68516 43836
68516 43899
68516 43700
68516 43986
68516 43829
68516 43737
68516 43371
68516 43459
68516 43611
68516 43793
68516 43749
68516 43782
68516 43366
68516 43911
68516 43797
68516 43712
68516 43717
68516 43862
68516 43985
68516 43724
68516 43826
68516 44344
68516 44049
68516 44025
68516 43976
68516 43793
68516 43660
68516 43824
68516 44002
68516 43658
68516 43652
68516 44046
68516 44241
68516 44057
68516 43629
68516 43846
68516 43966
68516 44132
68516 43774
68516 43577
68516 43641
68516 43987
68516 44049
68516 43893
68516 43931
68516 43887
68516 43870
68516 43662
68516 43983
68516 43882
68516 44010
68516 44205
68516 43827
68516 43697
68516 44128
68516 43941
68516 43888
68516 44116
68516 43960
68516 43732
68516 43607
68516 43794
68516 43644
68516 43919
68516 43628
68516 43637
68516 44134
68516 43868
68516 43911
68516 43718
68516 43570
68516 43772
68516 43885
68516 44120
68516 44057
68516 43985
68516 43926
68516 43656
68516 43700
68516 44063
68516 44091
68516 43705
68516 43802
68516 43822
68516 43810
68516 43577
68516 43741
68516 43740
68516 43629
68516 43886
68516 43363
68516 44123
68516 43946
68516 43922
68516 43950
68516 43951
68516 43746
68516 44131
68516 43904
68516 43736
68516 43895
68516 44088
68516 44050
68516 44013
68516 43819
68516 43856
68516 43989
68516 44620
68516 44077
68516 44110
68516 43973
68516 44136
68516 43825
68516 43973
68516 43735
68516 43425
68516 43746
68516 43606
68516 43613
68516 43664
68516 43862
68516 44064
68516 43834
68516 43720
68516 44028
68516 43998
68516 43672
68516 43841
68516 43744
68516 43732
68516 43722
68516 44141
68516 43967
68516 43277
68516 43802
68516 43878
68516 44216
68516 44116
68516 44151
68516 43787
68516 43547
68516 44099
68516 43882
68516 43935
68516 43817
68516 43763
68516 43746
68516 43889
68516 43929
68516 43721
68516 44048
68516 43682
68516 43964
68516 44114
68516 43682
68516 43899
68516 43943
68516 43743
68516 43919
68516 43711
68516 43637
68516 43551
68516 43414
68516 43699
68516 44071
68516 44189
68516 44387
68516 44017
68516 43564
68516 43519
68516 43786
68516 43720
68516 43785
68516 43848
68516 43961
68516 43657
68516 43722
68516 44181
68516 43904
68516 43745
68516 43787
68516 43880
68516 44110
68516 43872
68516 43976
68516 43693
68516 43888
68516 44123
68516 43674
68516 43502
68516 43437
68516 43991
68516 43506
68516 43644
68516 43752
68516 43563
68516 43649
68516 43865
68516 43777
68516 43881
68516 44017
68516 43916
68516 43894
68516 43791
68516 43708
68516 43754
68516 43713
68516 43589
68516 43896
68516 43975
68516 43784
68516 43902
68516 44249
68516 44079
68516 43677
68516 43755
68516 44315
68516 44269
68516 43876
68516 43886
68516 43857
68516 44068
68516 43840
68516 43903
68516 43679
68516 43695
68516 43984
68516 43813
68516 44141
68516 44360
68516 43939
68516 43727
68516 43530
68516 43760
68516 43846
68516 43681
68516 44080
68516 43916
68516 43940
68516 43877
68516 43806
68516 43654
68516 43619
68516 43874
68516 44137
68516 43730
68516 43718
68516 43895
68516 43659
68516 43542
68516 43986
68516 43780
68516 43785
68516 43897
68516 43885
68516 43998
68516 43966
68516 43893
68516 43975
68516 43558
68516 43565
68516 43796
68516 43880
68516 44263
68516 43604
68516 43540
68516 43990
68516 43783
68516 43998
68516 43613
68516 43713
68516 43488
68516 43755
68516 44069
68516 43885
68516 44002
68516 44362
68516 43690
68516 43594
68516 43701
68516 44004
68516 43971
68516 43608
68516 43880
68516 44111
68516 44008
68516 43800
68516 43718
68516 44001
68516 44027
68516 43566
68516 43124
68516 43775
68516 43620
68516 43438
68516 43684
68516 44276
68516 43803
68516 43915
68516 43789
68516 43708
68516 44021
68516 43940
68516 43962
68516 43933
68516 43686
68516 43463
68516 43430
68516 43354
68516 43677
68516 43652
68516 43650
68516 43598
68516 43902
68516 44174
68516 44136
68516 44298
68516 43928
68516 43980
68516 43877
68516 43815
68516 43878
68516 43371
68516 43657
68516 43671
68516 43919
68516 44214
68516 43587
68516 43611
68516 44050
68516 43870
68516 43667
68516 43935
68516 43995
68516 43626
68516 43776
68516 43665
68516 43980
68516 44264
68516 43873
68516 43902
68516 43778
68516 43932
68516 43765
68516 43808
68516 43611
68516 43792
68516 43611
68516 43621
68516 44191
68516 44017
68516 43736
68516 43816
68516 43921
68516 43912
68516 44060
68516 43627
68516 43619
68516 43984
68516 44004
68516 43909
68516 44107
68516 44437
68516 44138
68516 44078
68516 43709
68516 43681
68516 43673
68516 43604
68516 43587
68516 43603
68516 43766
68516 43885
68516 43735
68516 43702
68516 44212
68516 44216
68516 43828
68516 43917
68516 43874
68516 43675
68516 43572
68516 44111
68516 43726
68516 43753
68516 43695
68516 43686
68516 43421
68516 43601
68516 43468
68516 43983
68516 43830
68516 43658
68516 44069
68516 43917
68516 43819
68516 43653
68516 44101
68516 43972
68516 43868
68516 43812
68516 44050
68516 43905
68516 44008
68516 43491
68516 44034
68516 43812
68516 44080
68516 43866
68516 43988
68516 43433
68516 43758
68516 43639
68516 43911
68516 43485
68516 43505
68516 43538
68516 43951
68516 43588
68516 43482
68516 43603
68516 43772
68516 43811
68516 43816
68516 43605
68516 43608
68516 43413
68516 43524
68516 43912
68516 43655
68516 44117
68516 43742
68516 44020
68516 43676
68516 43793
68516 44070
68516 44125
68516 43577
68516 43730
68516 43514
68516 43775
68516 43849
68516 43876
68516 43816
68516 44234
68516 43805
68516 44008
68516 43973
68516 43671
68516 43718
68516 43748
68516 43633
68516 43529
68516 43663
68516 43731
68516 44168
68516 44113
68516 44031
68516 44221
68516 43991
68516 43861
68516 43501
68516 43669
68516 44121
68516 43628
68516 43416
68516 43750
68516 43837
68516 44170
68516 43893
68516 43910
68516 43881
68516 43493
68516 43550
68516 43853
68516 43836
68516 44225
68516 43948
68516 43587
68516 44156
68516 43681
68516 44129
68516 44104
68516 43771
68516 43711
68516 43900
68516 43714
68516 43261
68516 43753
68516 43614
68516 43419
68516 43813
68516 44091
68516 43763
68516 43822
68516 43441
68516 44005
68516 43616
68516 43381
68516 43672
68516 43760
68516 43876
68516 43991
68516 43925
68516 43647
68516 43625
68516 43675
68516 43960
68516 43864
68516 43675
68516 43799
68516 43718
68516 43559
68516 43718
68516 43705
68516 43646
68516 43711
68516 43607
68516 44229
68516 43959
68516 44001
68516 43721
68516 43649
68516 43670
68516 43624
68516 43490
68516 43511
68516 43463
68516 43940
68516 43876
68516 44052
68516 43768
68516 43610
68516 43531
68516 43497
68516 43599
68516 43910
68516 43929
68516 43956
68516 44089
68516 44158
68516 43851
68516 44145
68516 43680
68516 43957
68516 44289
68516 43933
68516 43797
68516 43966
68516 43975
68516 44104
68516 43942
68516 43460
68516 43536
68516 43749
68516 43833
68516 43668
68516 43803
68516 43823
68516 43896
68516 43815
68516 44015
68516 44029
68516 44027
68516 43685
68516 43575
68516 43746
68516 43736
68516 43664
68516 43689
68516 43811
68516 43700
68516 43721
68516 43713
