4.000000e+00 1.810190e+01 3.044000e+00 1.123704e-01 1.955988e-02 1.068017e-03 4.461875e-01 3.022824e+03
4.000000e+00 9.051000e+00 3.044000e+00 1.624268e-01 3.987365e-02 4.169437e-03 4.406125e-01 1.510713e+03
4.000000e+00 2.262700e+00 3.044000e+00 3.325736e-01 1.481148e-01 4.074906e-02 4.483375e-01 3.772480e+02
4.000000e+00 1.600000e+00 3.044000e+00 3.889169e-01 1.914658e-01 6.109117e-02 4.550375e-01 2.658122e+02
4.000000e+00 8.000000e-01 3.044000e+00 4.609156e-01 2.618212e-01 1.075348e-01 4.867250e-01 1.316677e+02
4.000000e+00 1.131400e+00 3.044000e+00 4.403793e-01 2.381171e-01 8.873106e-02 4.863125e-01 1.869817e+02
4.000000e+00 5.657000e-01 3.044000e+00 4.702038e-01 2.755880e-01 1.222054e-01 4.881500e-01 9.238450e+01
4.000000e+00 6.400000e+00 3.044000e+00 1.918645e-01 5.509744e-02 7.548276e-03 4.427750e-01 1.069560e+03
4.000000e+00 1.280000e+01 3.044000e+00 1.340281e-01 2.775500e-02 2.144653e-03 4.487875e-01 2.136958e+03
4.000000e+00 2.560000e+01 3.044000e+00 9.485279e-02 1.396398e-02 5.541013e-04 4.413250e-01 4.273824e+03
4.000000e+00 2.000000e-01 3.044000e+00 3.344038e-01 1.633193e-01 6.205753e-02 3.425375e-01 3.044010e+01
4.000000e+00 3.200000e+00 3.044000e+00 2.770978e-01 1.078291e-01 2.429832e-02 4.310000e-01 5.351307e+02
4.000000e+00 4.525500e+00 3.044000e+00 2.378316e-01 8.208761e-02 1.520591e-02 4.549750e-01 7.548616e+02
4.000000e+00 2.828000e-01 3.044000e+00 3.810124e-01 2.020088e-01 8.386290e-02 3.894625e-01 4.461360e+01
4.000000e+00 4.000000e-01 3.044000e+00 4.285186e-01 2.433756e-01 1.080547e-01 4.422500e-01 6.463770e+01
