4.000000e+00 1.414200e+00 3.044000e+00 1.008690e-01 1.605441e-02 7.842979e-04 2.380875e-01 1.757755e+02
4.000000e+00 2.828400e+00 3.044000e+00 7.097556e-02 7.943447e-03 1.910204e-04 2.369625e-01 3.557882e+02
4.000000e+00 2.000000e+00 3.044000e+00 8.645539e-02 1.176263e-02 4.191113e-04 2.365125e-01 2.473685e+02
4.000000e+00 5.656900e+00 3.044000e+00 4.742343e-02 3.537153e-03 3.739705e-05 2.372000e-01 7.282471e+02
4.000000e+00 6.400000e+01 3.044000e+00 1.154090e-01 2.072817e-02 1.231327e-03 2.360500e-01 5.731070e+03
4.000000e+00 1.000000e+00 3.044000e+00 1.157767e-01 2.106046e-02 1.333247e-03 2.427250e-01 1.255438e+02
4.000000e+00 7.071000e-01 3.044000e+00 1.336799e-01 2.778639e-02 2.249475e-03 2.388125e-01 8.932240e+01
4.000000e+00 2.262740e+01 3.044000e+00 7.723787e-02 9.248019e-03 2.471166e-04 2.357000e-01 2.352468e+03
4.000000e+00 4.000000e+00 3.044000e+00 5.740888e-02 5.170736e-03 7.913308e-05 2.328625e-01 5.114921e+02
4.000000e+00 1.131370e+01 3.044000e+00 3.719427e-02 2.197064e-03 1.521314e-05 2.328250e-01 1.373424e+03
4.000000e+00 5.000000e+00 3.044000e+00 5.374688e-02 4.539463e-03 6.347097e-05 2.368125e-01 6.387300e+02
4.000000e+00 3.200000e+01 3.044000e+00 5.265335e-02 4.343271e-03 5.514893e-05 2.353500e-01 3.234905e+03
4.000000e+00 4.525480e+01 3.044000e+00 1.202811e-01 2.269134e-02 1.485080e-03 2.354875e-01 4.171781e+03
4.000000e+00 5.000000e-01 3.044000e+00 1.530602e-01 3.670411e-02 3.953835e-03 2.414750e-01 6.367320e+01
4.000000e+00 1.600000e+01 3.044000e+00 6.215626e-02 5.976731e-03 1.012282e-04 2.377500e-01 1.713264e+03
4.000000e+00 8.000000e+00 3.044000e+00 3.979033e-02 2.469307e-03 1.804548e-05 2.350625e-01 1.026210e+03
