5.6569 3.0 0.085583927 0.0112483854 0.00035255632899999995 0.242225 -4.4541944
2.0 3.0 0.126109385 0.024494304 0.0016736284900000001 0.23345 -4.408609200000001
2.828399999999994 3.0 0.11394189500000002 0.020144132999999998 0.0011648358100000004 0.23852499999999996 -4.4524863
90.50969999999988 3.0 0.025026014999999995 0.0009817316700000002 2.83675555e-06 0.242575 -4.437990999999999
11.313700000000008 3.0 0.06391799100000002 0.0063461524 0.00011496820400000001 0.23601250000000004 -4.515492300000003
32.0 3.0 0.040349326000000005 0.0024900864599999993 1.68776503e-05 0.23692499999999989 -4.5230836
22.627400000000016 3.0 0.048030564 0.0035755505000000017 3.62886766e-05 0.23950000000000002 -4.557209400000003
64.0 3.0 0.028329186999999995 0.00123721726 4.26007362e-06 0.24146250000000002 -4.493235899999999
4.0 3.0 0.09794021499999998 0.014994198599999998 0.000649304845 0.23625000000000004 -4.408621599999997
8.0 3.0 0.07293484500000001 0.008185189599999998 0.00018974150100000006 0.23477499999999993 -4.511079099999999
45.25480000000003 3.0 0.034083011 0.00182733981 1.0001809259999998e-05 0.2366999999999999 -4.509605400000002
16.0 3.0 0.05650234300000002 0.0049113305 6.817465769999993e-05 0.24097500000000008 -4.5059897
