configuration loaded
100 120
120 93
120 144
144 118
144 172
172 142
172 206
206 169
206 247
247 204
247 296
296 244
296 355
355 291
355 426
426 347
426 511
511 420
511 613
613 500
613 735
735 609
735 882
882 728
882 1058
1058 873
1058 1269
1269 1037
1269 1522
1522 1247
1522 1826
1826 1490
1826 2191
2191 1797
2191 2629
2629 2151
2629 3154
3154 2565
3154 3784
3784 3079
3784 4540
4540 3701
4540 5448
5448 4449
5448 6537
6537 5367
6537 7844
7844 6387
7844 9412
9412 7687
9412 11294
11294 9153
11294 13552
13552 10976
13552 16262
16262 13051
16262 19514
19514 15634
19514 23416
23416 18882
23416 28099
28099 22527
28099 33718
33718 26876
33718 40461
40461 32098
40461 48553
48553 37996
48553 58263
58263 45319
58263 69915
69915 53367
69915 62819
69915 83898
83898 67538
83898 74116
83898 100677
100677 79693
100677 86852
100677 120812
120812 93956
120812 100506
120812 144974
144974 109444
144974 114535
144974 125281
144974 173968
173968 130514
173968 125951
173968 139437
173968 145957
173968 148436
173968 149848
173968 150618
173968 151377
173968 152332
173968 152666
173968 152919
173968 153065
173968 152769
173968 153160
173968 153549
173968 153862
173968 153705
173968 153705
173968 153643
173968 153991
173968 153812
173968 154239
173968 154333
173968 154324
173968 154663
173968 154375
173968 154100
173968 154119
173968 153911
173968 154057
173968 154226
173968 153931
173968 154031
173968 154017
173968 153849
173968 153690
173968 153967
173968 154066
173968 153888
173968 153729
173968 153265
173968 153478
173968 153623
173968 153116
173968 153209
173968 153536
173968 153303
173968 153685
173968 154020
173968 153547
173968 153595
173968 153426
173968 153378
173968 153699
Equilibration finished.
