5.000000e-01 7.500000e+00 2.124512e+00 6.980821e+00 1.383487e+02 2.101875e-01 -9.625625e+00 
7.071000e-01 7.500000e+00 1.948827e+00 5.830057e+00 9.438672e+01 2.111875e-01 -9.565832e+00 
1.000000e+00 7.500000e+00 1.716562e+00 4.580706e+00 5.922007e+01 2.034250e-01 -9.581888e+00 
1.414200e+00 7.500000e+00 1.514588e+00 3.555385e+00 3.582700e+01 2.054875e-01 -9.637123e+00 
1.131370e+01 7.500000e+00 6.827848e-01 7.184801e-01 1.459729e+00 2.026875e-01 -9.614583e+00 
1.600000e+01 7.500000e+00 5.830501e-01 5.308000e-01 8.226665e-01 1.994375e-01 -9.616558e+00 
2.000000e+00 7.500000e+00 1.339344e+00 2.752122e+00 2.095745e+01 2.039125e-01 -9.645085e+00 
2.828400e+00 7.500000e+00 1.184088e+00 2.155004e+00 1.293528e+01 2.009250e-01 -9.611339e+00 
2.262740e+01 7.500000e+00 4.900452e-01 3.731161e-01 4.029715e-01 2.029625e-01 -9.621967e+00 
4.000000e+00 7.500000e+00 1.062779e+00 1.728325e+00 8.243782e+00 2.011250e-01 -9.617652e+00 
5.656900e+00 7.500000e+00 9.231331e-01 1.306913e+00 4.782057e+00 1.998625e-01 -9.617529e+00 
8.000000e+00 7.500000e+00 8.087952e-01 1.000320e+00 2.741904e+00 2.018625e-01 -9.623712e+00 
