5.656900e+00 3.000000e+00 8.558393e-02 1.124839e-02 3.525563e-04 2.422250e-01 -4.454194e+00
2.000000e+00 3.000000e+00 1.261094e-01 2.449430e-02 1.673628e-03 2.334500e-01 -4.408609e+00
2.828400e+00 3.000000e+00 1.139419e-01 2.014413e-02 1.164836e-03 2.385250e-01 -4.452486e+00
9.050970e+01 3.000000e+00 2.502601e-02 9.817317e-04 2.836756e-06 2.425750e-01 -4.437991e+00
1.131370e+01 3.000000e+00 6.391799e-02 6.346152e-03 1.149682e-04 2.360125e-01 -4.515492e+00
3.200000e+01 3.000000e+00 4.034933e-02 2.490086e-03 1.687765e-05 2.369250e-01 -4.523084e+00
2.262740e+01 3.000000e+00 4.803056e-02 3.575551e-03 3.628868e-05 2.395000e-01 -4.557209e+00
6.400000e+01 3.000000e+00 2.832919e-02 1.237217e-03 4.260074e-06 2.414625e-01 -4.493236e+00
4.000000e+00 3.000000e+00 9.794021e-02 1.499420e-02 6.493048e-04 2.362500e-01 -4.408622e+00
8.000000e+00 3.000000e+00 7.293485e-02 8.185190e-03 1.897415e-04 2.347750e-01 -4.511079e+00
4.525480e+01 3.000000e+00 3.408301e-02 1.827340e-03 1.000181e-05 2.367000e-01 -4.509605e+00
1.600000e+01 3.000000e+00 5.650234e-02 4.911330e-03 6.817466e-05 2.409750e-01 -4.505990e+00
